0 25
0 34
1 20
1 41
1 48
2 45
3 6
3 17
3 30
3 41
4 36
4 49
5 9
5 11
5 30
5 44
5 49
6 0
6 22
6 27
6 35
6 37
7 1
8 10
8 20
8 49
9 32
9 33
10 14
11 39
11 44
12 0
12 33
12 36
13 18
14 35
14 41
15 23
15 30
16 9
16 11
16 12
16 30
16 38
17 9
17 37
18 28
18 32
18 38
19 2
19 23
19 44
20 0
20 2
20 4
20 10
21 0
21 10
21 18
21 30
21 37
21 41
21 44
22 40
23 1
23 6
23 18
23 37
23 43
23 48
24 29
24 43
25 21
26 10
27 5
27 7
27 17
28 9
28 18
28 27
28 31
28 32
28 33
28 41
29 11
29 24
30 9
30 49
31 11
31 16
31 27
31 35
32 35
32 46
32 49
33 18
33 23
33 34
34 6
35 1
35 15
35 34
36 0
37 19
38 25
38 30
38 33
38 36
39 0
39 8
39 16
40 3
40 4
40 9
40 30
40 31
42 2
42 4
42 19
42 25
43 15
43 36
44 4
44 13
44 19
44 20
44 22
44 37
45 22
46 28
46 41
46 47
47 44
48 26
48 36
48 40
48 42
48 47
49 16
